0 0
100 0
200 0
300 0
400 0
500 1
600 1
700 3
800 3
900 4
1000 4
1100 5
1200 7
1300 8
1400 8
1500 10
1600 12
1700 13
1800 16
1900 17
2000 24
2100 26
2200 28
2300 30
2400 30
2500 31
2600 32
2700 38
2800 54
2900 54
3000 56
3100 48
3200 51
3300 55
3400 110
3500 66
3600 61
3700 53
3800 55
3900 78
4000 60
4100 54
4200 63
4300 68
4400 64
4500 69
4600 73
4700 71
4800 75
4900 110
5000 84
5100 88
5200 87
5300 101
5400 96
5500 100
5600 108
5700 106
5800 114
5900 121
6000 123
6100 125
6200 130
6300 143
6400 145
6500 145
6600 149
6700 161
6800 159
6900 173
7000 172
7100 172
7200 184
7300 198
7400 189
7500 199
7600 197
7700 209
7800 219
7900 213
8000 238
8100 230
8200 240
8300 242
8400 262
8500 249
8600 263
8700 264
8800 273
8900 276
9000 291
9100 297
9200 338
9300 308
9400 318
9500 323
9600 334
9700 330
9800 341
9900 350
10000 349
10100 462
10200 434
10300 401
10400 411
10500 431
10600 413
10700 436
10800 424
10900 442
11000 437
11100 555
11200 661
11300 680
11400 798
11500 584
11600 511
11700 532
11800 524
11900 529
12000 522
12100 538
12200 534
12300 548
12400 568
12500 575
12600 582
12700 596
12800 620
12900 626
13000 614
13100 632
13200 653
13300 651
13400 669
13500 657
13600 699
13700 680
13800 688
13900 748
14000 704
14100 715
14200 724
14300 741
14400 758
14500 765
14600 788
14700 785
14800 1329
14900 1254
15000 841
15100 870
15200 849
15300 865
15400 864
15500 996
15600 954
15700 901
15800 933
15900 921
16000 954
16100 939
16200 963
16300 1010
16400 1003
16500 1077
16600 1019
16700 1031
16800 1063
16900 1050
17000 1067
17100 1080
17200 1257
17300 1510
17400 1786
17500 1148
17600 1184
17700 1164
17800 1156
17900 1192
18000 1190
18100 1192
18200 1223
18300 1244
18400 1262
18500 1268
18600 1264
18700 1294
18800 1299
18900 1325
19000 1341
19100 1348
19200 1351
19300 1363
19400 1396
19500 1392
19600 1433
19700 1432
19800 1449
19900 1462
20000 1460
20100 1511
20200 1519
20300 1529
20400 1541
20500 1553
20600 1556
20700 1578
20800 1609
20900 1605
21000 1876
21100 1837
21200 1668
21300 1738
21400 1781
21500 1730
21600 1740
21700 1791
21800 1951
21900 1792
22000 1792
22100 1826
22200 1897
22300 2266
22400 2545
22500 1915
22600 2180
22700 2018
22800 1975
22900 2005
23000 1968
23100 2741
23200 2098
23300 2018
23400 2103
23500 2310
23600 2068
23700 2142
23800 2425
23900 2803
24000 2260
24100 2193
24200 2274
24300 2258
24400 2265
24500 2314
24600 2468
24700 3359
24800 2406
24900 2477
25000 2395
25100 2397
25200 2400
25300 2397
25400 2412
25500 2479
25600 2559
25700 2608
25800 2540
25900 2505
26000 3286
26100 2556
26200 2552
26300 2599
26400 2585
26500 2639
26600 2682
26700 2662
26800 2827
26900 2790
27000 2727
27100 2732
27200 2751
27300 2784
27400 2825
27500 2805
27600 2845
27700 2866
27800 2873
27900 2908
28000 2911
28100 2952
28200 2987
28300 3085
28400 3232
28500 3036
28600 3088
28700 3071
28800 3087
28900 3138
29000 3179
29100 3183
29200 3209
29300 3199
29400 3227
29500 3226
29600 3270
29700 3298
29800 3331
29900 3417
30000 3420
30100 3397
30200 3394
30300 3895
30400 3506
30500 3522
30600 3542
30700 3608
30800 3572
30900 3617
31000 3608
31100 3628
31200 3732
31300 3718
31400 3877
31500 3765
31600 3763
31700 3798
31800 3819
31900 3813
32000 3865
32100 3862
32200 3937
32300 3954
32400 3977
32500 4013
32600 4007
32700 4045
32800 4048
32900 4112
33000 4130
33100 4148
33200 4189
33300 4293
33400 4299
33500 4249
33600 4553
33700 4350
33800 4346
33900 4335
34000 4382
34100 4451
34200 4489
34300 4457
34400 4492
34500 4481
34600 4546
34700 4572
34800 4581
34900 4642
35000 4655
35100 4648
35200 4751
35300 4757
35400 4731
35500 4799
35600 4822
35700 4822
35800 4852
35900 4896
36000 5096
36100 4945
36200 5017
36300 5023
36400 5014
36500 5029
36600 5094
36700 5128
36800 5137
36900 5171
37000 5190
37100 5633
37200 5274
37300 5317
37400 5385
37500 5443
37600 5646
37700 5782
37800 5622
37900 5458
38000 5502
38100 5561
38200 5726
38300 5859
38400 5609
38500 5750
38600 5693
38700 5747
38800 5967
38900 5985
39000 6102
39100 6034
39200 6080
39300 8150
39400 5884
39500 5927
39600 6010
39700 6037
39800 6107
39900 6083
