0 0
100 0
200 0
300 0
400 0
500 0
600 0
700 0
800 0
900 0
1000 0
1100 0
1200 0
1300 0
1400 0
1500 0
1600 0
1700 0
1800 0
1900 0
2000 0
2100 0
2200 0
2300 0
2400 0
2500 1
2600 0
2700 1
2800 1
2900 1
3000 1
3100 0
3200 1
3300 1
3400 1
3500 2
3600 1
3700 1
3800 0
3900 1
4000 1
4100 0
4200 1
4300 0
4400 1
4500 0
4600 1
4700 1
4800 1
4900 1
5000 1
5100 1
5200 1
5300 1
5400 1
5500 1
5600 1
5700 1
5800 1
5900 2
6000 2
6100 1
6200 1
6300 1
6400 2
6500 1
6600 3
6700 1
6800 1
6900 2
7000 1
7100 1
7200 2
7300 1
7400 1
7500 2
7600 1
7700 2
7800 2
7900 1
8000 1
8100 3
8200 2
8300 3
8400 3
8500 2
8600 2
8700 2
8800 4
8900 3
9000 4
9100 2
9200 2
9300 2
9400 2
9500 2
9600 3
9700 2
9800 2
9900 3
10000 2
10100 2
10200 3
10300 3
10400 2
10500 2
10600 5
10700 4
10800 3
10900 2
11000 3
11100 4
11200 4
11300 6
11400 8
11500 5
11600 3
11700 2
11800 3
11900 5
12000 3
12100 3
12200 4
12300 3
12400 3
12500 5
12600 4
12700 4
12800 3
12900 3
13000 3
13100 3
13200 3
13300 5
13400 4
13500 3
13600 5
13700 4
13800 4
13900 3
14000 5
14100 4
14200 5
14300 4
14400 4
14500 4
14600 4
14700 6
14800 7
14900 7
15000 5
15100 4
15200 4
15300 4
15400 7
15500 4
15600 8
15700 5
15800 4
15900 4
16000 5
16100 5
16200 4
16300 4
16400 4
16500 5
16600 5
16700 5
16800 4
16900 6
17000 4
17100 5
17200 6
17300 6
17400 10
17500 4
17600 4
17700 6
17800 6
17900 4
18000 5
18100 5
18200 5
18300 6
18400 6
18500 5
18600 5
18700 6
18800 6
18900 7
19000 5
19100 6
19200 6
19300 6
19400 5
19500 5
19600 5
19700 6
19800 5
19900 7
20000 5
20100 5
20200 5
20300 5
20400 7
20500 6
20600 7
20700 6
20800 6
20900 5
21000 7
21100 9
21200 6
21300 6
21400 6
21500 8
21600 6
21700 6
21800 9
21900 6
22000 6
22100 8
22200 7
22300 7
22400 17
22500 9
22600 6
22700 8
22800 7
22900 7
23000 6
23100 8
23200 8
23300 7
23400 7
23500 9
23600 8
23700 6
23800 8
23900 15
24000 8
24100 9
24200 6
24300 6
24400 7
24500 8
24600 7
24700 10
24800 7
24900 8
25000 9
25100 8
25200 8
25300 8
25400 8
25500 7
25600 8
25700 7
25800 12
25900 7
26000 9
26100 13
26200 7
26300 8
26400 8
26500 8
26600 9
26700 8
26800 7
26900 12
27000 8
27100 8
27200 10
27300 8
27400 8
27500 10
27600 8
27700 8
27800 8
27900 8
28000 9
28100 9
28200 9
28300 9
28400 9
28500 11
28600 8
28700 9
28800 10
28900 8
29000 9
29100 9
29200 9
29300 8
29400 8
29500 9
29600 9
29700 9
29800 9
29900 10
30000 10
30100 10
30200 9
30300 8
30400 9
30500 10
30600 10
30700 9
30800 9
30900 10
31000 10
31100 10
31200 9
31300 10
31400 10
31500 11
31600 10
31700 10
31800 9
31900 11
32000 10
32100 10
32200 10
32300 10
32400 11
32500 10
32600 10
32700 9
32800 11
32900 12
33000 10
33100 12
33200 10
33300 10
33400 10
33500 10
33600 11
33700 12
33800 11
33900 11
34000 10
34100 10
34200 10
34300 11
34400 10
34500 11
34600 10
34700 10
34800 11
34900 11
35000 11
35100 11
35200 12
35300 14
35400 11
35500 12
35600 11
35700 11
35800 14
35900 11
36000 11
36100 13
36200 11
36300 11
36400 13
36500 13
36600 11
36700 11
36800 11
36900 11
37000 12
37100 11
37200 11
37300 12
37400 12
37500 11
37600 13
37700 13
37800 13
37900 11
38000 13
38100 13
38200 12
38300 13
38400 15
38500 12
38600 12
38700 12
38800 12
38900 17
39000 12
39100 12
39200 12
39300 13
39400 13
39500 12
39600 12
39700 13
39800 12
39900 12
40000 13
