0 0
100 0
200 0
300 1
400 2
500 4
600 4
700 9
800 9
900 8
1000 9
1100 12
1200 14
1300 15
1400 16
1500 18
1600 38
1700 36
1800 30
1900 33
2000 40
2100 52
2200 53
2300 73
2400 61
2500 89
2600 68
2700 67
2800 62
2900 88
3000 91
3100 103
3200 83
3300 85
3400 89
3500 97
3600 104
3700 116
3800 126
3900 100
4000 102
4100 127
4200 109
4300 196
4400 170
4500 129
4600 169
4700 138
4800 146
4900 155
5000 161
5100 212
5200 174
5300 178
5400 232
5500 194
5600 206
5700 244
5800 225
5900 306
6000 294
6100 303
6200 262
6300 258
6400 265
6500 274
6600 332
6700 325
6800 362
6900 312
7000 346
7100 368
7200 364
7300 361
7400 382
7500 376
7600 393
7700 463
7800 399
7900 575
8000 461
8100 480
8200 636
8300 427
8400 447
8500 545
8600 475
8700 637
8800 552
8900 531
9000 527
9100 613
9200 644
9300 1088
9400 615
9500 850
9600 933
9700 647
9800 740
9900 765
10000 767
