0 0
100 0
200 0
300 0
400 1
500 2
600 3
700 5
800 6
900 7
1000 11
1100 16
1200 20
1300 45
1400 49
1500 50
1600 63
1700 63
1800 114
1900 53
2000 65
2100 109
2200 79
2300 75
2400 52
2500 88
2600 98
2700 118
2800 100
2900 108
3000 91
3100 91
3200 99
3300 100
3400 111
3500 112
3600 126
3700 129
3800 140
3900 145
4000 144
4100 150
4200 166
4300 166
4400 183
4500 185
4600 197
4700 202
4800 220
4900 226
5000 226
5100 244
5200 247
5300 257
5400 289
5500 311
5600 291
5700 349
5800 309
5900 322
6000 332
6100 343
6200 359
6300 357
6400 379
6500 393
6600 401
6700 401
6800 415
6900 426
7000 446
7100 452
7200 471
7300 489
7400 496
7500 532
7600 514
7700 529
7800 551
7900 548
8000 555
8100 589
8200 589
8300 604
8400 624
8500 630
8600 667
8700 673
8800 681
8900 704
9000 738
9100 729
9200 786
9300 817
9400 823
9500 807
9600 847
9700 869
9800 870
9900 903
10000 937
10100 936
10200 956
10300 972
10400 999
10500 1025
10600 1052
10700 1055
10800 1122
10900 1163
11000 1126
11100 1148
11200 1180
11300 1212
11400 1230
11500 1250
11600 1268
11700 1353
11800 1326
11900 1407
12000 1649
12100 1421
12200 1473
12300 1453
12400 1488
12500 1495
12600 1538
12700 1621
12800 1646
12900 1581
13000 1625
13100 1673
13200 1684
13300 1681
13400 1700
13500 1750
13600 1732
13700 1779
13800 1831
13900 1825
14000 1832
14100 1852
14200 1801
14300 1852
14400 1875
14500 1897
14600 1911
14700 1931
14800 2009
14900 2005
15000 2026
15100 2114
15200 2052
15300 2158
15400 2246
15500 2216
15600 2421
15700 2240
15800 2233
15900 2284
16000 2355
16100 2373
16200 2381
16300 2465
16400 2500
16500 2512
16600 2533
16700 2535
16800 2809
16900 2633
17000 2673
17100 2698
17200 2733
17300 2763
17400 3138
17500 2852
17600 2935
17700 2918
17800 2937
17900 2985
18000 3029
18100 3058
18200 3100
18300 3162
18400 3190
18500 3200
18600 3252
18700 3306
18800 3336
18900 3482
19000 3555
19100 3350
19200 3522
19300 3395
19400 3456
19500 3946
19600 3552
19700 3572
19800 4109
19900 3787
20000 3827
20100 3941
20200 3901
20300 4038
20400 4028
20500 4282
20600 4052
20700 4061
20800 4099
20900 4215
21000 4197
21100 4262
21200 4330
21300 4173
21400 4201
21500 4288
21600 4250
21700 4326
21800 4340
21900 4378
22000 4422
22100 4582
22200 4672
22300 4734
22400 4823
22500 4851
22600 4920
22700 4980
22800 5019
22900 5104
23000 5115
23100 5306
23200 5098
23300 5027
23400 5045
23500 5138
23600 5234
23700 5280
23800 5403
23900 5465
24000 5653
24100 5655
24200 5712
24300 5730
24400 5835
24500 5857
24600 5875
24700 5756
24800 5721
24900 5797
25000 5762
25100 5925
25200 5981
25300 6060
25400 6153
25500 6281
25600 8447
25700 7784
25800 7729
25900 7747
26000 7464
26100 7116
26200 7802
26300 8233
26400 8519
26500 8120
26600 8043
26700 8278
26800 8165
26900 8244
27000 8931
27100 8765
27200 8494
27300 8276
27400 8870
27500 8979
27600 8823
27700 8892
27800 9488
27900 9216
28000 9040
28100 8730
28200 9098
28300 9192
28400 9173
28500 9584
28600 9447
28700 9170
28800 9610
28900 9731
29000 8251
29100 8131
29200 8238
29300 8276
29400 8216
29500 8236
29600 8413
29700 8497
29800 8421
29900 8864
30000 8674
30100 8720
30200 8625
30300 10104
30400 10494
30500 10675
30600 10760
30700 10754
30800 10806
30900 11337
31000 11165
31100 11356
31200 11377
31300 11530
31400 11421
31500 11298
31600 12000
31700 11221
31800 11133
31900 13870
32000 9615
32100 9631
32200 9661
32300 9757
32400 9931
32500 10261
32600 10000
32700 10310
32800 10135
32900 10125
33000 10173
33100 9745
33200 9885
33300 9964
33400 10280
33500 10503
33600 10579
33700 10656
33800 10755
33900 10766
34000 10870
34100 10914
34200 11008
34300 11069
34400 11099
34500 11192
34600 11311
34700 11418
34800 11507
34900 11108
35000 11087
35100 11338
35200 11639
35300 11763
35400 11867
35500 11980
35600 12083
35700 12020
35800 12178
35900 12218
36000 12318
36100 12449
36200 12494
36300 12005
36400 12325
36500 12724
36600 12801
36700 12818
36800 12928
36900 13105
37000 13446
37100 12537
37200 13192
37300 13329
37400 13416
37500 13536
37600 12958
37700 13327
37800 13784
37900 13804
38000 13914
38100 13939
38200 14039
38300 14103
38400 14209
38500 14445
38600 13836
38700 13857
38800 14269
38900 14674
39000 14675
39100 14847
39200 14860
39300 14846
39400 14532
39500 14823
39600 15249
39700 15414
39800 15557
39900 15582
