0 0
100 0
200 0
300 2
400 0
500 2
600 5
700 10
800 8
900 9
1000 10
1100 18
1200 21
1300 168
1400 79
1500 41
1600 61
1700 53
1800 77
1900 81
2000 78
2100 102
2200 133
2300 90
2400 104
2500 104
2600 131
2700 131
2800 136
2900 147
3000 143
3100 117
3200 152
3300 140
3400 148
3500 164
3600 173
3700 188
3800 188
3900 199
4000 214
4100 224
4200 247
4300 249
4400 266
4500 276
4600 280
4700 305
4800 320
4900 329
5000 335
5100 340
5200 356
5300 402
5400 397
5500 424
5600 441
5700 581
5800 477
5900 463
6000 482
6100 498
6200 511
6300 524
6400 555
6500 582
6600 622
6700 615
6800 621
6900 644
7000 670
7100 694
7200 739
7300 749
7400 783
7500 805
7600 816
7700 845
7800 864
7900 891
8000 912
8100 947
8200 957
8300 990
8400 998
8500 1033
8600 1087
8700 1086
8800 1089
8900 1131
9000 1147
9100 1164
9200 1234
9300 1325
9400 1369
9500 1350
9600 1319
9700 1384
9800 1414
9900 1445
10000 1478
10100 1495
10200 1486
10300 1528
10400 1588
10500 1601
10600 1654
10700 1645
10800 1717
10900 1793
11000 1912
11100 1844
11200 1879
11300 1889
11400 1941
11500 2021
11600 2042
11700 2098
11800 2184
11900 2256
12000 2362
12100 2450
12200 2373
12300 2361
12400 2408
12500 2450
12600 2437
12700 2503
12800 2630
12900 2611
13000 2636
13100 2666
13200 2745
13300 2739
13400 2853
13500 2864
13600 2873
13700 2936
13800 3016
13900 3038
14000 3107
14100 3212
14200 3088
14300 3096
14400 3187
14500 3192
14600 3249
14700 3323
14800 3340
14900 3634
15000 3555
15100 3573
15200 3543
15300 3650
15400 3929
15500 3975
15600 3992
15700 4215
15800 3938
15900 4035
16000 4555
16100 4168
16200 4244
16300 4288
16400 4397
16500 4450
16600 4564
16700 4645
16800 4643
16900 4672
17000 4752
17100 4804
17200 4861
17300 4985
17400 5064
17500 5109
17600 5156
17700 5296
17800 5270
17900 5470
18000 5474
18100 5544
18200 5585
18300 5806
18400 5729
18500 5761
18600 5793
18700 5832
18800 5895
18900 6038
19000 6859
19100 6025
19200 6109
19300 6079
19400 6209
19500 6309
19600 6619
19700 6427
19800 6501
19900 6915
20000 6731
20100 7186
20200 6992
20300 7071
20400 7283
20500 7576
20600 7595
20700 7600
20800 7636
20900 7579
21000 7664
21100 7793
21200 7825
21300 7710
21400 7654
21500 7701
21600 7832
21700 7923
21800 7953
21900 7990
22000 8078
22100 8239
22200 8446
22300 8588
22400 8996
22500 10102
22600 9149
22700 9061
22800 9127
22900 9329
23000 9315
23100 9375
23200 9445
23300 9754
23400 9265
23500 9215
23600 9349
23700 9485
23800 9769
23900 9861
24000 10034
24100 10173
24200 10267
24300 10496
24400 10473
24500 10728
24600 11012
24700 10744
24800 10414
24900 10510
25000 10576
25100 10545
25200 10884
25300 11069
25400 11428
25500 11632
25600 13491
25700 14423
25800 14743
25900 14594
26000 15845
26100 12989
26200 15653
26300 15357
26400 16316
26500 15656
26600 15912
26700 15868
26800 15629
26900 16128
27000 16019
27100 16370
27200 16508
27300 16615
27400 16632
27500 16855
27600 16827
27700 16817
27800 17459
27900 17775
28000 17445
28100 17889
28200 17483
28300 17671
28400 17825
28500 18382
28600 17988
28700 18482
28800 18332
28900 20996
29000 15714
29100 15737
29200 15840
29300 16048
29400 16163
29500 16346
29600 16763
29700 16943
29800 17051
29900 17446
30000 17100
30100 17435
30200 17307
30300 17576
30400 21970
30500 21049
30600 21933
30700 21420
30800 21494
30900 21991
31000 23197
31100 22846
31200 23979
31300 22306
31400 22375
31500 22703
31600 22552
31700 22396
31800 22631
31900 24630
32000 22618
32100 19353
32200 19529
32300 19656
32400 19774
32500 20484
32600 20801
32700 20015
32800 20883
32900 20375
33000 20417
33100 20357
33200 19834
33300 19940
33400 20595
33500 20853
33600 21139
33700 21400
33800 21429
33900 21792
34000 21724
34100 22072
34200 22043
34300 22077
34400 22382
34500 22821
34600 22984
34700 22765
34800 23018
34900 22554
35000 22069
35100 22819
35200 23603
35300 23986
35400 24108
35500 24709
35600 24448
35700 24560
35800 24778
35900 25916
36000 26255
36100 26443
36200 26281
36300 25622
36400 25742
36500 26649
36600 27108
36700 27165
36800 26305
36900 27243
37000 26810
37100 26289
37200 25998
37300 27785
37400 27980
37500 28078
37600 27564
37700 26898
37800 28462
37900 28619
38000 27683
38100 27735
38200 27914
38300 27987
38400 28546
38500 28829
38600 28713
38700 27748
38800 28176
38900 29027
39000 29550
39100 29709
39200 30018
39300 30043
39400 28819
39500 29103
39600 30231
39700 30629
39800 30783
39900 31027
