0 0
100 0
200 0
300 1
400 2
500 5
600 6
700 9
800 11
900 7
1000 9
1100 15
1200 14
1300 23
1400 26
1500 22
1600 21
1700 36
1800 43
1900 45
2000 52
2100 81
2200 73
2300 93
2400 84
2500 117
2600 90
2700 101
2800 101
2900 134
3000 128
3100 147
3200 113
3300 137
3400 139
3500 118
3600 124
3700 154
3800 197
3900 160
4000 190
4100 178
4200 185
4300 248
4400 309
4500 199
4600 229
4700 252
4800 288
4900 276
5000 254
5100 266
5200 317
5300 309
5400 356
5500 450
5600 364
5700 349
5800 354
5900 392
6000 416
6100 416
6200 473
6300 420
6400 441
6500 457
6600 466
6700 512
6800 508
6900 600
7000 562
7100 592
7200 595
7300 581
7400 618
7500 630
7600 645
7700 697
7800 685
7900 757
8000 864
8100 942
8200 957
8300 837
8400 841
8500 1081
8600 968
8700 906
8800 961
8900 975
9000 1050
9100 1015
9200 1304
9300 1428
9400 1584
9500 1328
9600 1395
9700 1651
9800 1346
9900 1334
10000 1387
